0 | -0.22 | 2 | 7 | 0.802624 | 1.40278
0 | -0.21 | 2 | 8 | 0.983742 | 4.10278
0 | -0.2 | 2 | 9 | 1 | 37.1027
0 | -0.19 | 2 | 10 | 1 | 26.3028
0 | -0.18 | 2 | 11 | 1 | 16.7028
0 | -0.17 | 2 | 12 | 1 | 14.6028
0 | -0.16 | 2 | 13 | 1 | 20.9028
0 | -0.15 | 2 | 14 | 1 | 54.5027
0 | -0.14 | 2 | 15 | 0.987905 | 4.40278
0 | -0.13 | 2 | 16 | 0.998503 | 6.50278
0 | -0.12 | 2 | 17 | 0.999391 | 7.40278
0 | 0 | 2 | 29 | 0.999995 | 12.3
0 | 0.02 | 2 | 31 | 0.970767 | 3.50278
0 | 0.1 | 2 | 39 | 0.987905 | 4.40278
0 | 0.11 | 2 | 40 | 0.802624 | 1.40278
0 | 0.12 | 2 | 41 | 0.960939 | 3.20278
0 | 0.13 | 2 | 42 | 1 | 18.5028
0 | 0.14 | 2 | 43 | 1 | 41.6027
0 | 0.15 | 2 | 44 | 1 | 82.4029
0 | 0.16 | 2 | 45 | 0.999816 | 8.60278
0 | 0.17 | 2 | 46 | 1 | 25.4028
0 | 0.18 | 2 | 47 | 1 | 63.5027
0 | 0.19 | 2 | 48 | 1 | 76.7028
0 | 0.2 | 2 | 49 | 0.999999 | 14.3028
0 | 0.21 | 2 | 50 | 0.999996 | 12.5028
0 | 0.22 | 2 | 51 | 1 | 16.7028
0.01 | -0.25 | 3 | 4 | 0.970767 | 3.50278
0.01 | -0.21 | 3 | 8 | 1 | 15.2028
0.01 | -0.2 | 3 | 9 | 1 | 93.203
0.01 | -0.19 | 3 | 10 | 1 | 49.7027
0.01 | -0.18 | 3 | 11 | 1 | 25.1028
0.01 | -0.17 | 3 | 12 | 1 | 25.7028
0.01 | -0.16 | 3 | 13 | 1 | 59.6027
0.01 | -0.15 | 3 | 14 | 1 | 79.7028
0.01 | -0.14 | 3 | 15 | 1 | 17.0028
0.01 | -0.13 | 3 | 16 | 1 | 23.3028
0.01 | -0.12 | 3 | 17 | 1 | 24.5028
0.01 | 0.09 | 3 | 38 | 0.983742 | 4.10278
0.01 | 0.1 | 3 | 39 | 0.999178 | 7.10278
0.01 | 0.11 | 3 | 40 | 0.978178 | 3.80278
0.01 | 0.12 | 3 | 41 | 0.999666 | 8.00278
0.01 | 0.13 | 3 | 42 | 1 | 23.0028
0.01 | 0.14 | 3 | 43 | 1 | 61.1027
0.01 | 0.15 | 3 | 44 | 1 | 140.603
0.01 | 0.16 | 3 | 45 | 0.999945 | 9.80278
0.01 | 0.17 | 3 | 46 | 1 | 25.1028
0.01 | 0.18 | 3 | 47 | 1 | 86.6029
0.01 | 0.19 | 3 | 48 | 1 | 56.9027
0.01 | 0.2 | 3 | 49 | 0.999993 | 11.9028
0.01 | 0.21 | 3 | 50 | 1 | 16.7028
0.01 | 0.22 | 3 | 51 | 1 | 15.8028
0.02 | -0.25 | 4 | 4 | 0.991011 | 4.70278
0.02 | -0.24 | 4 | 5 | 0.881088 | 2.00278
0.02 | -0.23 | 4 | 6 | 0.947983 | 2.90278
0.02 | -0.21 | 4 | 8 | 0.999999 | 13.7028
0.02 | -0.2 | 4 | 9 | 1 | 75.5028
0.02 | -0.19 | 4 | 10 | 1 | 56.9027
0.02 | -0.18 | 4 | 11 | 1 | 26.0028
0.02 | -0.17 | 4 | 12 | 1 | 27.5028
0.02 | -0.16 | 4 | 13 | 1 | 65.9027
0.02 | -0.15 | 4 | 14 | 1 | 78.8028
0.02 | -0.14 | 4 | 15 | 0.999999 | 14.3028
0.02 | -0.13 | 4 | 16 | 1 | 27.5028
0.02 | -0.12 | 4 | 17 | 1 | 25.1028
0.02 | 0.09 | 4 | 38 | 0.991011 | 4.70278
0.02 | 0.1 | 4 | 39 | 0.998503 | 6.50278
0.02 | 0.11 | 4 | 40 | 0.991011 | 4.70278
0.02 | 0.12 | 4 | 41 | 0.998503 | 6.50278
0.02 | 0.13 | 4 | 42 | 1 | 20.6028
0.02 | 0.14 | 4 | 43 | 1 | 94.103
0.02 | 0.15 | 4 | 44 | 1 | 111.203
0.02 | 0.16 | 4 | 45 | 1 | 17.0028
0.02 | 0.17 | 4 | 46 | 1 | 21.2028
0.02 | 0.18 | 4 | 47 | 1 | 112.103
0.02 | 0.19 | 4 | 48 | 1 | 37.7027
0.02 | 0.2 | 4 | 49 | 0.999391 | 7.40278
0.02 | 0.21 | 4 | 50 | 1 | 19.4028
0.02 | 0.22 | 4 | 51 | 1 | 18.2028
0.03 | -0.25 | 5 | 4 | 0.947983 | 2.90278
0.03 | -0.24 | 5 | 5 | 0.93104 | 2.60278
0.03 | -0.23 | 5 | 6 | 0.845897 | 1.70278
0.03 | -0.21 | 5 | 8 | 1 | 22.4028
0.03 | -0.2 | 5 | 9 | 1 | 86.0029
0.03 | -0.19 | 5 | 10 | 1 | 34.4027
0.03 | -0.18 | 5 | 11 | 1 | 28.4028
0.03 | -0.17 | 5 | 12 | 1 | 21.2028
0.03 | -0.16 | 5 | 13 | 1 | 56.3027
0.03 | -0.15 | 5 | 14 | 1 | 89.3029
0.03 | -0.14 | 5 | 15 | 1 | 18.2028
0.03 | -0.13 | 5 | 16 | 1 | 21.2028
0.03 | -0.12 | 5 | 17 | 1 | 24.8028
0.03 | 0.09 | 5 | 38 | 0.987905 | 4.40278
0.03 | 0.1 | 5 | 39 | 0.999178 | 7.10278
0.03 | 0.11 | 5 | 40 | 0.993326 | 5.00278
0.03 | 0.12 | 5 | 41 | 0.999666 | 8.00278
0.03 | 0.13 | 5 | 42 | 1 | 19.1028
0.03 | 0.14 | 5 | 43 | 1 | 117.503
0.03 | 0.15 | 5 | 44 | 1 | 75.8028
0.03 | 0.16 | 5 | 45 | 0.99997 | 10.4028
0.03 | 0.17 | 5 | 46 | 0.999999 | 14.3028
0.03 | 0.18 | 5 | 47 | 1 | 122.303
0.03 | 0.19 | 5 | 48 | 1 | 30.8027
0.03 | 0.2 | 5 | 49 | 0.99798 | 6.20278
0.03 | 0.21 | 5 | 50 | 1 | 19.1028
0.03 | 0.22 | 5 | 51 | 1 | 15.8028
0.04 | -0.26 | 6 | 3 | 0.93104 | 2.60278
0.04 | -0.23 | 6 | 6 | 0.978178 | 3.80278
0.04 | -0.22 | 6 | 7 | 0.93104 | 2.60278
0.04 | -0.21 | 6 | 8 | 1 | 17.9028
0.04 | -0.2 | 6 | 9 | 1 | 90.8029
0.04 | -0.19 | 6 | 10 | 1 | 33.8027
0.04 | -0.18 | 6 | 11 | 1 | 22.1028
0.04 | -0.17 | 6 | 12 | 1 | 20.9028
0.04 | -0.16 | 6 | 13 | 1 | 62.6027
0.04 | -0.15 | 6 | 14 | 1 | 77.3028
0.04 | -0.14 | 6 | 15 | 0.999993 | 11.9028
0.04 | -0.13 | 6 | 16 | 1 | 18.2028
0.04 | -0.12 | 6 | 17 | 1 | 25.1028
0.04 | 0.09 | 6 | 38 | 0.991011 | 4.70278
0.04 | 0.1 | 6 | 39 | 0.998891 | 6.80278
0.04 | 0.11 | 6 | 40 | 0.947983 | 2.90278
0.04 | 0.12 | 6 | 41 | 0.999925 | 9.50278
0.04 | 0.13 | 6 | 42 | 0.999999 | 14.0028
0.04 | 0.14 | 6 | 43 | 1 | 125.303
0.04 | 0.15 | 6 | 44 | 1 | 64.4027
0.04 | 0.16 | 6 | 45 | 1 | 15.2028
0.04 | 0.17 | 6 | 46 | 0.999996 | 12.5028
0.04 | 0.18 | 6 | 47 | 1 | 98.903
0.04 | 0.19 | 6 | 48 | 1 | 47.0027
0.04 | 0.2 | 6 | 49 | 0.999999 | 14.3028
0.04 | 0.21 | 6 | 50 | 1 | 18.2028
0.04 | 0.22 | 6 | 51 | 1 | 14.9028
0.05 | -0.26 | 7 | 3 | 0.845897 | 1.70278
0.05 | -0.25 | 7 | 4 | 0.93104 | 2.60278
0.05 | -0.22 | 7 | 7 | 0.845897 | 1.70278
0.05 | -0.21 | 7 | 8 | 1 | 24.2028
0.05 | -0.2 | 7 | 9 | 1 | 75.8028
0.05 | -0.19 | 7 | 10 | 1 | 29.9027
0.05 | -0.18 | 7 | 11 | 1 | 23.6028
0.05 | -0.17 | 7 | 12 | 1 | 24.2028
0.05 | -0.16 | 7 | 13 | 1 | 78.8028
0.05 | -0.15 | 7 | 14 | 1 | 64.4027
0.05 | -0.14 | 7 | 15 | 1 | 15.2028
0.05 | -0.13 | 7 | 16 | 1 | 23.0028
0.05 | -0.12 | 7 | 17 | 1 | 22.7028
0.05 | 0.09 | 7 | 38 | 0.999549 | 7.70278
0.05 | 0.1 | 7 | 39 | 0.999666 | 8.00278
0.05 | 0.11 | 7 | 40 | 0.987905 | 4.40278
0.05 | 0.12 | 7 | 41 | 0.987905 | 4.40278
0.05 | 0.13 | 7 | 42 | 0.999925 | 9.50278
0.05 | 0.14 | 7 | 43 | 1 | 131.003
0.05 | 0.15 | 7 | 44 | 1 | 65.0027
0.05 | 0.16 | 7 | 45 | 0.999995 | 12.2028
0.05 | 0.17 | 7 | 46 | 0.999999 | 13.7028
0.05 | 0.18 | 7 | 47 | 1 | 101.603
0.05 | 0.19 | 7 | 48 | 1 | 30.8027
0.05 | 0.2 | 7 | 49 | 1 | 17.9028
0.05 | 0.21 | 7 | 50 | 1 | 20.9028
0.05 | 0.22 | 7 | 51 | 0.999995 | 12.2028
0.05 | 0.23 | 7 | 52 | 0.802624 | 1.40278
0.06 | -0.26 | 8 | 3 | 0.93104 | 2.60278
0.06 | -0.24 | 8 | 5 | 0.93104 | 2.60278
0.06 | -0.22 | 8 | 7 | 0.960939 | 3.20278
0.06 | -0.21 | 8 | 8 | 1 | 29.9027
0.06 | -0.2 | 8 | 9 | 1 | 71.0027
0.06 | -0.19 | 8 | 10 | 1 | 25.1028
0.06 | -0.18 | 8 | 11 | 1 | 18.2028
0.06 | -0.17 | 8 | 12 | 1 | 19.4028
0.06 | -0.16 | 8 | 13 | 1 | 66.2027
0.06 | -0.15 | 8 | 14 | 1 | 92.603
0.06 | -0.14 | 8 | 15 | 1 | 15.5028
0.06 | -0.13 | 8 | 16 | 1 | 16.1028
0.06 | -0.12 | 8 | 17 | 1 | 32.0027
0.06 | -0.11 | 8 | 18 | 0.997276 | 5.90278
0.06 | 0.09 | 8 | 38 | 0.99798 | 6.20278
0.06 | 0.1 | 8 | 39 | 0.997276 | 5.90278
0.06 | 0.11 | 8 | 40 | 0.993326 | 5.00278
0.06 | 0.12 | 8 | 41 | 0.983742 | 4.10278
0.06 | 0.13 | 8 | 42 | 1 | 20.9028
0.06 | 0.14 | 8 | 43 | 1 | 132.203
0.06 | 0.15 | 8 | 44 | 1 | 47.6027
0.06 | 0.16 | 8 | 45 | 0.999995 | 12.2028
0.06 | 0.17 | 8 | 46 | 0.999899 | 9.20278
0.06 | 0.18 | 8 | 47 | 1 | 103.703
0.06 | 0.19 | 8 | 48 | 1 | 28.7027
0.06 | 0.2 | 8 | 49 | 1 | 19.1028
0.06 | 0.21 | 8 | 50 | 1 | 20.0028
0.06 | 0.22 | 8 | 51 | 0.999999 | 13.4028
0.07 | -0.26 | 9 | 3 | 0.960939 | 3.20278
0.07 | -0.24 | 9 | 5 | 0.802624 | 1.40278
0.07 | -0.23 | 9 | 6 | 0.845897 | 1.70278
0.07 | -0.22 | 9 | 7 | 0.960939 | 3.20278
0.07 | -0.21 | 9 | 8 | 1 | 55.4027
0.07 | -0.2 | 9 | 9 | 1 | 43.1027
0.07 | -0.19 | 9 | 10 | 1 | 19.4028
0.07 | -0.18 | 9 | 11 | 1 | 17.6028
0.07 | -0.17 | 9 | 12 | 0.999959 | 10.1028
0.07 | -0.16 | 9 | 13 | 1 | 36.5027
0.07 | -0.15 | 9 | 14 | 1 | 90.5029
0.07 | -0.14 | 9 | 15 | 1 | 23.3028
0.07 | -0.13 | 9 | 16 | 0.999999 | 14.3028
0.07 | -0.12 | 9 | 17 | 1 | 22.7028
0.07 | -0.11 | 9 | 18 | 0.999925 | 9.50278
0.07 | 0.08 | 9 | 37 | 0.987905 | 4.40278
0.07 | 0.09 | 9 | 38 | 0.997276 | 5.90278
0.07 | 0.1 | 9 | 39 | 0.947983 | 2.90278
0.07 | 0.11 | 9 | 40 | 0.995047 | 5.30278
0.07 | 0.12 | 9 | 41 | 0.997276 | 5.90278
0.07 | 0.13 | 9 | 42 | 1 | 24.2028
0.07 | 0.14 | 9 | 43 | 1 | 96.803
0.07 | 0.15 | 9 | 44 | 1 | 39.2027
0.07 | 0.16 | 9 | 45 | 1 | 16.4028
0.07 | 0.17 | 9 | 46 | 0.999978 | 10.7028
0.07 | 0.18 | 9 | 47 | 1 | 83.6029
0.07 | 0.19 | 9 | 48 | 1 | 22.1028
0.07 | 0.2 | 9 | 49 | 1 | 22.1028
0.07 | 0.21 | 9 | 50 | 1 | 18.8028
0.07 | 0.22 | 9 | 51 | 0.999945 | 9.80278
0.07 | 0.23 | 9 | 52 | 0.802624 | 1.40278
0.08 | -0.26 | 10 | 3 | 0.93104 | 2.60278
0.08 | -0.25 | 10 | 4 | 0.845897 | 1.70278
0.08 | -0.23 | 10 | 6 | 0.802624 | 1.40278
0.08 | -0.22 | 10 | 7 | 0.881088 | 2.00278
0.08 | -0.21 | 10 | 8 | 1 | 59.9027
0.08 | -0.2 | 10 | 9 | 1 | 32.9027
0.08 | -0.19 | 10 | 10 | 1 | 27.2028
0.08 | -0.18 | 10 | 11 | 1 | 23.3028
0.08 | -0.17 | 10 | 12 | 0.991011 | 4.70278
0.08 | -0.16 | 10 | 13 | 1 | 49.1027
0.08 | -0.15 | 10 | 14 | 1 | 70.1027
0.08 | -0.14 | 10 | 15 | 1 | 15.5028
0.08 | -0.13 | 10 | 16 | 1 | 15.8028
0.08 | -0.12 | 10 | 17 | 1 | 16.1028
0.08 | -0.11 | 10 | 18 | 0.983742 | 4.10278
0.08 | 0.08 | 10 | 37 | 0.987905 | 4.40278
0.08 | 0.09 | 10 | 38 | 0.998891 | 6.80278
0.08 | 0.1 | 10 | 39 | 0.999983 | 11.0028
0.08 | 0.11 | 10 | 40 | 0.999997 | 12.8028
0.08 | 0.12 | 10 | 41 | 0.99997 | 10.4028
0.08 | 0.13 | 10 | 42 | 1 | 23.6028
0.08 | 0.14 | 10 | 43 | 1 | 91.7029
0.08 | 0.15 | 10 | 44 | 1 | 34.7027
0.08 | 0.16 | 10 | 45 | 1 | 20.3028
0.08 | 0.17 | 10 | 46 | 0.999999 | 14.3028
0.08 | 0.18 | 10 | 47 | 1 | 44.6027
0.08 | 0.19 | 10 | 48 | 1 | 41.0027
0.08 | 0.2 | 10 | 49 | 1 | 21.2028
0.08 | 0.21 | 10 | 50 | 1 | 14.9028
0.08 | 0.22 | 10 | 51 | 0.999999 | 14.3028
0.08 | 0.23 | 10 | 52 | 0.909107 | 2.30278
0.09 | -0.26 | 11 | 3 | 0.881088 | 2.00278
0.09 | -0.21 | 11 | 8 | 1 | 60.5027
0.09 | -0.2 | 11 | 9 | 1 | 23.3028
0.09 | -0.19 | 11 | 10 | 1 | 26.3028
0.09 | -0.18 | 11 | 11 | 1 | 20.6028
0.09 | -0.17 | 11 | 12 | 0.991011 | 4.70278
0.09 | -0.16 | 11 | 13 | 1 | 47.6027
0.09 | -0.15 | 11 | 14 | 1 | 53.3027
0.09 | -0.14 | 11 | 15 | 0.999991 | 11.6028
0.09 | -0.13 | 11 | 16 | 1 | 18.2028
0.09 | -0.12 | 11 | 17 | 0.999997 | 12.8028
0.09 | 0.05 | 11 | 34 | 0.947983 | 2.90278
0.09 | 0.06 | 11 | 35 | 0.99798 | 6.20278
0.09 | 0.07 | 11 | 36 | 0.99798 | 6.20278
0.09 | 0.08 | 11 | 37 | 1 | 17.9028
0.09 | 0.09 | 11 | 38 | 1 | 16.1028
0.09 | 0.1 | 11 | 39 | 0.99997 | 10.4028
0.09 | 0.11 | 11 | 40 | 0.999959 | 10.1028
0.09 | 0.12 | 11 | 41 | 0.999925 | 9.50278
0.09 | 0.13 | 11 | 42 | 1 | 17.3028
0.09 | 0.14 | 11 | 43 | 1 | 87.8029
0.09 | 0.15 | 11 | 44 | 1 | 22.7028
0.09 | 0.16 | 11 | 45 | 1 | 32.6027
0.09 | 0.17 | 11 | 46 | 0.999978 | 10.7028
0.09 | 0.18 | 11 | 47 | 1 | 34.1027
0.09 | 0.19 | 11 | 48 | 1 | 66.5027
0.09 | 0.2 | 11 | 49 | 0.999999 | 14.3028
0.09 | 0.21 | 11 | 50 | 1 | 17.3028
0.09 | 0.22 | 11 | 51 | 0.999999 | 14.3028
0.09 | 0.23 | 11 | 52 | 0.960939 | 3.20278
0.1 | -0.26 | 12 | 3 | 0.881088 | 2.00278
0.1 | -0.22 | 12 | 7 | 0.998503 | 6.50278
0.1 | -0.21 | 12 | 8 | 1 | 56.6027
0.1 | -0.2 | 12 | 9 | 0.999999 | 14.3028
0.1 | -0.19 | 12 | 10 | 1 | 27.8028
0.1 | -0.18 | 12 | 11 | 1 | 15.8028
0.1 | -0.17 | 12 | 12 | 0.999666 | 8.00278
0.1 | -0.16 | 12 | 13 | 1 | 86.6029
0.1 | -0.15 | 12 | 14 | 1 | 27.8028
0.1 | -0.14 | 12 | 15 | 1 | 14.9028
0.1 | -0.13 | 12 | 16 | 1 | 14.6028
0.1 | -0.12 | 12 | 17 | 0.999864 | 8.90278
0.1 | 0 | 12 | 29 | 0.845897 | 1.70278
0.1 | 0.01 | 12 | 30 | 0.978178 | 3.80278
0.1 | 0.02 | 12 | 31 | 0.997276 | 5.90278
0.1 | 0.03 | 12 | 32 | 0.998891 | 6.80278
0.1 | 0.04 | 12 | 33 | 0.999991 | 11.6028
0.1 | 0.05 | 12 | 34 | 0.997276 | 5.90278
0.1 | 0.06 | 12 | 35 | 0.999666 | 8.00278
0.1 | 0.07 | 12 | 36 | 0.999864 | 8.90278
0.1 | 0.08 | 12 | 37 | 0.999899 | 9.20278
0.1 | 0.09 | 12 | 38 | 0.999991 | 11.6028
0.1 | 0.1 | 12 | 39 | 0.845897 | 1.70278
0.1 | 0.11 | 12 | 40 | 0.998503 | 6.50278
0.1 | 0.12 | 12 | 41 | 0.978178 | 3.80278
0.1 | 0.13 | 12 | 42 | 0.999999 | 13.4028
0.1 | 0.14 | 12 | 43 | 1 | 88.1029
0.1 | 0.15 | 12 | 44 | 1 | 15.5028
0.1 | 0.16 | 12 | 45 | 1 | 33.8027
0.1 | 0.17 | 12 | 46 | 0.999945 | 9.80278
0.1 | 0.18 | 12 | 47 | 1 | 16.7028
0.1 | 0.19 | 12 | 48 | 1 | 72.2028
0.1 | 0.2 | 12 | 49 | 0.999995 | 12.2028
0.1 | 0.21 | 12 | 50 | 1 | 17.6028
0.1 | 0.22 | 12 | 51 | 0.999925 | 9.50278
0.1 | 0.23 | 12 | 52 | 0.978178 | 3.80278
0.11 | -0.25 | 13 | 4 | 0.909107 | 2.30278
0.11 | -0.22 | 13 | 7 | 0.998503 | 6.50278
0.11 | -0.21 | 13 | 8 | 1 | 55.4027
0.11 | -0.2 | 13 | 9 | 0.999991 | 11.6028
0.11 | -0.19 | 13 | 10 | 1 | 25.7028
0.11 | -0.18 | 13 | 11 | 1 | 15.2028
0.11 | -0.17 | 13 | 12 | 0.999391 | 7.40278
0.11 | -0.16 | 13 | 13 | 1 | 67.7027
0.11 | -0.15 | 13 | 14 | 1 | 27.8028
0.11 | -0.14 | 13 | 15 | 1 | 16.1028
0.11 | -0.13 | 13 | 16 | 0.999999 | 14.0028
0.11 | -0.12 | 13 | 17 | 0.995047 | 5.30278
0.11 | -0.07 | 13 | 22 | 0.845897 | 1.70278
0.11 | -0.06 | 13 | 23 | 0.960939 | 3.20278
0.11 | -0.05 | 13 | 24 | 0.995047 | 5.30278
0.11 | -0.04 | 13 | 25 | 0.987905 | 4.40278
0.11 | -0.03 | 13 | 26 | 0.99997 | 10.4028
0.11 | -0.02 | 13 | 27 | 0.999995 | 12.2028
0.11 | -0.01 | 13 | 28 | 0.99997 | 10.4028
0.11 | 0 | 13 | 29 | 0.999752 | 8.30278
0.11 | 0.01 | 13 | 30 | 0.999178 | 7.10278
0.11 | 0.02 | 13 | 31 | 0.999391 | 7.40278
0.11 | 0.03 | 13 | 32 | 0.99798 | 6.20278
0.11 | 0.04 | 13 | 33 | 0.997276 | 5.90278
0.11 | 0.05 | 13 | 34 | 0.996326 | 5.60278
0.11 | 0.06 | 13 | 35 | 0.909107 | 2.30278
0.11 | 0.07 | 13 | 36 | 0.947983 | 2.90278
0.11 | 0.08 | 13 | 37 | 0.993326 | 5.00278
0.11 | 0.09 | 13 | 38 | 0.997276 | 5.90278
0.11 | 0.1 | 13 | 39 | 0.999666 | 8.00278
0.11 | 0.11 | 13 | 40 | 0.997276 | 5.90278
0.11 | 0.12 | 13 | 41 | 0.998503 | 6.50278
0.11 | 0.13 | 13 | 42 | 1 | 15.5028
0.11 | 0.14 | 13 | 43 | 1 | 68.9027
0.11 | 0.15 | 13 | 44 | 0.999998 | 13.1028
0.11 | 0.16 | 13 | 45 | 1 | 33.8027
0.11 | 0.17 | 13 | 46 | 0.999993 | 11.9028
0.11 | 0.18 | 13 | 47 | 1 | 28.4028
0.11 | 0.19 | 13 | 48 | 1 | 71.3027
0.11 | 0.2 | 13 | 49 | 0.999983 | 11.0028
0.11 | 0.21 | 13 | 50 | 0.999999 | 13.4028
0.11 | 0.22 | 13 | 51 | 1 | 14.9028
0.11 | 0.23 | 13 | 52 | 0.991011 | 4.70278
0.12 | -0.25 | 14 | 4 | 0.881088 | 2.00278
0.12 | -0.22 | 14 | 7 | 1 | 18.5028
0.12 | -0.21 | 14 | 8 | 1 | 38.6027
0.12 | -0.2 | 14 | 9 | 0.999816 | 8.60278
0.12 | -0.19 | 14 | 10 | 1 | 27.2028
0.12 | -0.18 | 14 | 11 | 1 | 15.8028
0.12 | -0.17 | 14 | 12 | 0.999978 | 10.7028
0.12 | -0.16 | 14 | 13 | 1 | 65.6027
0.12 | -0.15 | 14 | 14 | 1 | 22.1028
0.12 | -0.14 | 14 | 15 | 0.999999 | 14.0028
0.12 | -0.13 | 14 | 16 | 0.999996 | 12.5028
0.12 | -0.12 | 14 | 17 | 0.999995 | 12.2028
0.12 | -0.11 | 14 | 18 | 0.983742 | 4.10278
0.12 | -0.1 | 14 | 19 | 0.881088 | 2.00278
0.12 | -0.09 | 14 | 20 | 0.802624 | 1.40278
0.12 | -0.08 | 14 | 21 | 0.947983 | 2.90278
0.12 | -0.07 | 14 | 22 | 0.947983 | 2.90278
0.12 | -0.06 | 14 | 23 | 0.970767 | 3.50278
0.12 | -0.05 | 14 | 24 | 0.999391 | 7.40278
0.12 | -0.04 | 14 | 25 | 0.995047 | 5.30278
0.12 | -0.03 | 14 | 26 | 0.909107 | 2.30278
0.12 | -0.02 | 14 | 27 | 0.996326 | 5.60278
0.12 | -0.01 | 14 | 28 | 0.970767 | 3.50278
0.12 | 0 | 14 | 29 | 0.991011 | 4.70278
0.12 | 0.01 | 14 | 30 | 0.983742 | 4.10278
0.12 | 0.02 | 14 | 31 | 0.909107 | 2.30278
0.12 | 0.03 | 14 | 32 | 0.970767 | 3.50278
0.12 | 0.04 | 14 | 33 | 0.845897 | 1.70278
0.12 | 0.05 | 14 | 34 | 0.978178 | 3.80278
0.12 | 0.06 | 14 | 35 | 0.983742 | 4.10278
0.12 | 0.07 | 14 | 36 | 0.993326 | 5.00278
0.12 | 0.08 | 14 | 37 | 0.999752 | 8.30278
0.12 | 0.09 | 14 | 38 | 0.99798 | 6.20278
0.12 | 0.13 | 14 | 42 | 0.996326 | 5.60278
0.12 | 0.14 | 14 | 43 | 1 | 62.6027
0.12 | 0.15 | 14 | 44 | 0.99798 | 6.20278
0.12 | 0.16 | 14 | 45 | 1 | 29.6027
0.12 | 0.17 | 14 | 46 | 0.999978 | 10.7028
0.12 | 0.18 | 14 | 47 | 1 | 17.9028
0.12 | 0.19 | 14 | 48 | 1 | 56.6027
0.12 | 0.2 | 14 | 49 | 0.999997 | 12.8028
0.12 | 0.21 | 14 | 50 | 1 | 16.1028
0.12 | 0.22 | 14 | 51 | 0.999999 | 13.4028
0.12 | 0.23 | 14 | 52 | 0.93104 | 2.60278
0.13 | -0.26 | 15 | 3 | 0.909107 | 2.30278
0.13 | -0.24 | 15 | 5 | 0.881088 | 2.00278
0.13 | -0.22 | 15 | 7 | 1 | 26.6028
0.13 | -0.21 | 15 | 8 | 1 | 28.7027
0.13 | -0.2 | 15 | 9 | 0.99997 | 10.4028
0.13 | -0.19 | 15 | 10 | 1 | 24.5028
0.13 | -0.18 | 15 | 11 | 1 | 15.2028
0.13 | -0.17 | 15 | 12 | 1 | 15.8028
0.13 | -0.16 | 15 | 13 | 1 | 65.0027
0.13 | -0.15 | 15 | 14 | 1 | 17.6028
0.13 | -0.14 | 15 | 15 | 1 | 17.3028
0.13 | -0.13 | 15 | 16 | 0.999999 | 13.4028
0.13 | -0.12 | 15 | 17 | 0.999959 | 10.1028
0.13 | -0.11 | 15 | 18 | 0.960939 | 3.20278
0.13 | -0.1 | 15 | 19 | 0.960939 | 3.20278
0.13 | -0.08 | 15 | 21 | 0.93104 | 2.60278
0.13 | -0.05 | 15 | 24 | 0.93104 | 2.60278
0.13 | -0.04 | 15 | 25 | 0.993326 | 5.00278
0.13 | -0.03 | 15 | 26 | 0.970767 | 3.50278
0.13 | -0.02 | 15 | 27 | 0.995047 | 5.30278
0.13 | -0.01 | 15 | 28 | 0.909107 | 2.30278
0.13 | 0 | 15 | 29 | 0.978178 | 3.80278
0.13 | 0.01 | 15 | 30 | 0.970767 | 3.50278
0.13 | 0.02 | 15 | 31 | 0.970767 | 3.50278
0.13 | 0.03 | 15 | 32 | 0.991011 | 4.70278
0.13 | 0.04 | 15 | 33 | 0.983742 | 4.10278
0.13 | 0.05 | 15 | 34 | 0.845897 | 1.70278
0.13 | 0.06 | 15 | 35 | 0.881088 | 2.00278
0.13 | 0.08 | 15 | 37 | 0.987905 | 4.40278
0.13 | 0.09 | 15 | 38 | 0.978178 | 3.80278
0.13 | 0.1 | 15 | 39 | 0.993326 | 5.00278
0.13 | 0.11 | 15 | 40 | 0.995047 | 5.30278
0.13 | 0.12 | 15 | 41 | 0.995047 | 5.30278
0.13 | 0.13 | 15 | 42 | 0.999999 | 13.7028
0.13 | 0.14 | 15 | 43 | 1 | 66.8027
0.13 | 0.15 | 15 | 44 | 0.999391 | 7.40278
0.13 | 0.16 | 15 | 45 | 1 | 22.1028
0.13 | 0.17 | 15 | 46 | 1 | 20.3028
0.13 | 0.18 | 15 | 47 | 0.999998 | 13.1028
0.13 | 0.19 | 15 | 48 | 1 | 65.6027
0.13 | 0.2 | 15 | 49 | 0.999988 | 11.3028
0.13 | 0.21 | 15 | 50 | 0.999983 | 11.0028
0.13 | 0.22 | 15 | 51 | 0.999983 | 11.0028
0.13 | 0.23 | 15 | 52 | 0.991011 | 4.70278
0.14 | -0.22 | 16 | 7 | 1 | 44.6027
0.14 | -0.21 | 16 | 8 | 0.999899 | 9.20278
0.14 | -0.2 | 16 | 9 | 0.998503 | 6.50278
0.14 | -0.19 | 16 | 10 | 1 | 27.5028
0.14 | -0.18 | 16 | 11 | 0.999816 | 8.60278
0.14 | -0.17 | 16 | 12 | 1 | 20.3028
0.14 | -0.16 | 16 | 13 | 1 | 53.0027
0.14 | -0.15 | 16 | 14 | 0.999998 | 13.1028
0.14 | -0.14 | 16 | 15 | 1 | 18.2028
0.14 | -0.13 | 16 | 16 | 0.999816 | 8.60278
0.14 | -0.12 | 16 | 17 | 0.991011 | 4.70278
0.14 | -0.08 | 16 | 21 | 0.947983 | 2.90278
0.14 | -0.07 | 16 | 22 | 0.802624 | 1.40278
0.14 | 0 | 16 | 29 | 0.970767 | 3.50278
0.14 | 0.01 | 16 | 30 | 0.909107 | 2.30278
0.14 | 0.02 | 16 | 31 | 0.802624 | 1.40278
0.14 | 0.04 | 16 | 33 | 0.802624 | 1.40278
0.14 | 0.05 | 16 | 34 | 0.960939 | 3.20278
0.14 | 0.06 | 16 | 35 | 0.93104 | 2.60278
0.14 | 0.07 | 16 | 36 | 0.987905 | 4.40278
0.14 | 0.08 | 16 | 37 | 0.998503 | 6.50278
0.14 | 0.09 | 16 | 38 | 0.997276 | 5.90278
0.14 | 0.11 | 16 | 40 | 0.802624 | 1.40278
0.14 | 0.13 | 16 | 42 | 0.999978 | 10.7028
0.14 | 0.14 | 16 | 43 | 1 | 58.1027
0.14 | 0.15 | 16 | 44 | 0.999816 | 8.60278
0.14 | 0.16 | 16 | 45 | 1 | 16.4028
0.14 | 0.17 | 16 | 46 | 1 | 20.3028
0.14 | 0.18 | 16 | 47 | 0.999998 | 13.1028
0.14 | 0.19 | 16 | 48 | 1 | 58.7027
0.14 | 0.2 | 16 | 49 | 0.999995 | 12.2028
0.14 | 0.21 | 16 | 50 | 0.999988 | 11.3028
0.14 | 0.22 | 16 | 51 | 0.999925 | 9.50278
0.14 | 0.23 | 16 | 52 | 0.996326 | 5.60278
0.15 | -0.27 | 17 | 2 | 0.93104 | 2.60278
0.15 | -0.23 | 17 | 6 | 0.845897 | 1.70278
0.15 | -0.22 | 17 | 7 | 1 | 38.3027
0.15 | -0.21 | 17 | 8 | 0.987905 | 4.40278
0.15 | -0.2 | 17 | 9 | 0.999996 | 12.5028
0.15 | -0.19 | 17 | 10 | 1 | 21.8028
0.15 | -0.18 | 17 | 11 | 0.999988 | 11.3028
0.15 | -0.17 | 17 | 12 | 1 | 22.7028
0.15 | -0.16 | 17 | 13 | 1 | 50.0027
0.15 | -0.15 | 17 | 14 | 0.999993 | 11.9028
0.15 | -0.14 | 17 | 15 | 1 | 19.4028
0.15 | -0.13 | 17 | 16 | 0.999864 | 8.90278
0.15 | -0.12 | 17 | 17 | 0.999391 | 7.40278
0.15 | -0.11 | 17 | 18 | 0.978178 | 3.80278
0.15 | -0.1 | 17 | 19 | 0.802624 | 1.40278
0.15 | -0.03 | 17 | 26 | 0.947983 | 2.90278
0.15 | -0.01 | 17 | 28 | 0.909107 | 2.30278
0.15 | 0.01 | 17 | 30 | 0.845897 | 1.70278
0.15 | 0.02 | 17 | 31 | 0.978178 | 3.80278
0.15 | 0.03 | 17 | 32 | 0.960939 | 3.20278
0.15 | 0.04 | 17 | 33 | 0.93104 | 2.60278
0.15 | 0.08 | 17 | 37 | 0.970767 | 3.50278
0.15 | 0.1 | 17 | 39 | 0.881088 | 2.00278
0.15 | 0.11 | 17 | 40 | 0.997276 | 5.90278
0.15 | 0.12 | 17 | 41 | 0.93104 | 2.60278
0.15 | 0.13 | 17 | 42 | 1 | 24.2028
0.15 | 0.14 | 17 | 43 | 1 | 49.1027
0.15 | 0.15 | 17 | 44 | 0.999899 | 9.20278
0.15 | 0.16 | 17 | 45 | 1 | 16.7028
0.15 | 0.17 | 17 | 46 | 1 | 26.9028
0.15 | 0.18 | 17 | 47 | 0.999996 | 12.5028
0.15 | 0.19 | 17 | 48 | 1 | 61.1027
0.15 | 0.2 | 17 | 49 | 0.99997 | 10.4028
0.15 | 0.21 | 17 | 50 | 0.999816 | 8.60278
0.15 | 0.22 | 17 | 51 | 0.99997 | 10.4028
0.15 | 0.23 | 17 | 52 | 0.947983 | 2.90278
0.16 | -0.23 | 18 | 6 | 0.999666 | 8.00278
0.16 | -0.22 | 18 | 7 | 1 | 38.9027
0.16 | -0.21 | 18 | 8 | 0.93104 | 2.60278
0.16 | -0.2 | 18 | 9 | 0.999391 | 7.40278
0.16 | -0.19 | 18 | 10 | 1 | 26.6028
0.16 | -0.18 | 18 | 11 | 0.999549 | 7.70278
0.16 | -0.17 | 18 | 12 | 1 | 29.3027
0.16 | -0.16 | 18 | 13 | 1 | 31.1027
0.16 | -0.15 | 18 | 14 | 0.999666 | 8.00278
0.16 | -0.14 | 18 | 15 | 1 | 20.3028
0.16 | -0.13 | 18 | 16 | 0.993326 | 5.00278
0.16 | -0.12 | 18 | 17 | 0.996326 | 5.60278
0.16 | -0.11 | 18 | 18 | 0.802624 | 1.40278
0.16 | 0 | 18 | 29 | 0.881088 | 2.00278
0.16 | 0.01 | 18 | 30 | 0.881088 | 2.00278
0.16 | 0.03 | 18 | 32 | 0.845897 | 1.70278
0.16 | 0.04 | 18 | 33 | 0.960939 | 3.20278
0.16 | 0.05 | 18 | 34 | 0.970767 | 3.50278
0.16 | 0.07 | 18 | 36 | 0.881088 | 2.00278
0.16 | 0.08 | 18 | 37 | 0.960939 | 3.20278
0.16 | 0.09 | 18 | 38 | 0.978178 | 3.80278
0.16 | 0.1 | 18 | 39 | 0.960939 | 3.20278
0.16 | 0.11 | 18 | 40 | 0.970767 | 3.50278
0.16 | 0.12 | 18 | 41 | 0.881088 | 2.00278
0.16 | 0.13 | 18 | 42 | 1 | 21.5028
0.16 | 0.14 | 18 | 43 | 1 | 33.5027
0.16 | 0.15 | 18 | 44 | 0.983742 | 4.10278
0.16 | 0.16 | 18 | 45 | 0.999995 | 12.2028
0.16 | 0.17 | 18 | 46 | 1 | 26.3028
0.16 | 0.18 | 18 | 47 | 0.999998 | 13.1028
0.16 | 0.19 | 18 | 48 | 1 | 56.3027
0.16 | 0.2 | 18 | 49 | 0.999925 | 9.50278
0.16 | 0.21 | 18 | 50 | 0.999178 | 7.10278
0.16 | 0.22 | 18 | 51 | 0.998891 | 6.80278
0.16 | 0.23 | 18 | 52 | 0.996326 | 5.60278
0.17 | -0.27 | 19 | 2 | 0.802624 | 1.40278
0.17 | -0.23 | 19 | 6 | 0.999998 | 13.1028
0.17 | -0.22 | 19 | 7 | 1 | 27.8028
0.17 | -0.21 | 19 | 8 | 0.993326 | 5.00278
0.17 | -0.2 | 19 | 9 | 0.991011 | 4.70278
0.17 | -0.19 | 19 | 10 | 1 | 20.0028
0.17 | -0.18 | 19 | 11 | 0.999752 | 8.30278
0.17 | -0.17 | 19 | 12 | 1 | 40.1027
0.17 | -0.16 | 19 | 13 | 1 | 23.3028
0.17 | -0.15 | 19 | 14 | 0.995047 | 5.30278
0.17 | -0.14 | 19 | 15 | 0.999997 | 12.8028
0.17 | -0.13 | 19 | 16 | 0.999549 | 7.70278
0.17 | -0.12 | 19 | 17 | 0.987905 | 4.40278
0.17 | -0.05 | 19 | 24 | 0.802624 | 1.40278
0.17 | -0.04 | 19 | 25 | 0.845897 | 1.70278
0.17 | -0.03 | 19 | 26 | 0.947983 | 2.90278
0.17 | -0.02 | 19 | 27 | 0.909107 | 2.30278
0.17 | -0.01 | 19 | 28 | 0.960939 | 3.20278
0.17 | 0.01 | 19 | 30 | 0.802624 | 1.40278
0.17 | 0.02 | 19 | 31 | 0.845897 | 1.70278
0.17 | 0.03 | 19 | 32 | 0.845897 | 1.70278
0.17 | 0.06 | 19 | 35 | 0.947983 | 2.90278
0.17 | 0.07 | 19 | 36 | 0.960939 | 3.20278
0.17 | 0.08 | 19 | 37 | 0.996326 | 5.60278
0.17 | 0.09 | 19 | 38 | 0.991011 | 4.70278
0.17 | 0.1 | 19 | 39 | 0.845897 | 1.70278
0.17 | 0.11 | 19 | 40 | 0.947983 | 2.90278
0.17 | 0.12 | 19 | 41 | 0.881088 | 2.00278
0.17 | 0.13 | 19 | 42 | 1 | 27.8028
0.17 | 0.14 | 19 | 43 | 1 | 35.0027
0.17 | 0.15 | 19 | 44 | 0.987905 | 4.40278
0.17 | 0.16 | 19 | 45 | 1 | 15.2028
0.17 | 0.17 | 19 | 46 | 1 | 21.5028
0.17 | 0.18 | 19 | 47 | 0.999999 | 13.4028
0.17 | 0.19 | 19 | 48 | 1 | 55.1027
0.17 | 0.2 | 19 | 49 | 0.99798 | 6.20278
0.17 | 0.21 | 19 | 50 | 0.999666 | 8.00278
0.17 | 0.22 | 19 | 51 | 0.987905 | 4.40278
0.17 | 0.23 | 19 | 52 | 0.997276 | 5.90278
0.18 | -0.24 | 20 | 5 | 0.845897 | 1.70278
0.18 | -0.23 | 20 | 6 | 1 | 20.3028
0.18 | -0.22 | 20 | 7 | 0.999988 | 11.3028
0.18 | -0.21 | 20 | 8 | 0.983742 | 4.10278
0.18 | -0.2 | 20 | 9 | 0.999178 | 7.10278
0.18 | -0.19 | 20 | 10 | 1 | 25.7028
0.18 | -0.18 | 20 | 11 | 0.999999 | 13.7028
0.18 | -0.17 | 20 | 12 | 1 | 39.2027
0.18 | -0.16 | 20 | 13 | 1 | 20.0028
0.18 | -0.15 | 20 | 14 | 0.881088 | 2.00278
0.18 | -0.14 | 20 | 15 | 0.99997 | 10.4028
0.18 | -0.13 | 20 | 16 | 0.996326 | 5.60278
0.18 | -0.12 | 20 | 17 | 0.947983 | 2.90278
0.18 | -0.07 | 20 | 22 | 0.881088 | 2.00278
0.18 | 0.01 | 20 | 30 | 0.802624 | 1.40278
0.18 | 0.04 | 20 | 33 | 0.909107 | 2.30278
0.18 | 0.08 | 20 | 37 | 0.802624 | 1.40278
0.18 | 0.09 | 20 | 38 | 0.802624 | 1.40278
0.18 | 0.13 | 20 | 42 | 1 | 33.8027
0.18 | 0.14 | 20 | 43 | 1 | 15.8028
0.18 | 0.15 | 20 | 44 | 0.960939 | 3.20278
0.18 | 0.16 | 20 | 45 | 0.999391 | 7.40278
0.18 | 0.17 | 20 | 46 | 1 | 23.6028
0.18 | 0.18 | 20 | 47 | 1 | 15.5028
0.18 | 0.19 | 20 | 48 | 1 | 52.1027
0.18 | 0.2 | 20 | 49 | 0.996326 | 5.60278
0.18 | 0.21 | 20 | 50 | 0.999178 | 7.10278
0.18 | 0.22 | 20 | 51 | 0.960939 | 3.20278
0.18 | 0.23 | 20 | 52 | 0.999864 | 8.90278
0.19 | -0.23 | 21 | 6 | 1 | 37.7027
0.19 | -0.22 | 21 | 7 | 0.960939 | 3.20278
0.19 | -0.21 | 21 | 8 | 0.960939 | 3.20278
0.19 | -0.2 | 21 | 9 | 0.947983 | 2.90278
0.19 | -0.19 | 21 | 10 | 1 | 20.9028
0.19 | -0.18 | 21 | 11 | 1 | 15.2028
0.19 | -0.17 | 21 | 12 | 1 | 27.2028
0.19 | -0.16 | 21 | 13 | 1 | 15.5028
0.19 | -0.15 | 21 | 14 | 0.999391 | 7.40278
0.19 | -0.14 | 21 | 15 | 0.999864 | 8.90278
0.19 | -0.13 | 21 | 16 | 0.999391 | 7.40278
0.19 | -0.12 | 21 | 17 | 0.947983 | 2.90278
0.19 | -0.11 | 21 | 18 | 0.93104 | 2.60278
0.19 | -0.09 | 21 | 20 | 0.802624 | 1.40278
0.19 | -0.05 | 21 | 24 | 0.93104 | 2.60278
0.19 | -0.04 | 21 | 25 | 0.845897 | 1.70278
0.19 | 0.09 | 21 | 38 | 0.802624 | 1.40278
0.19 | 0.11 | 21 | 40 | 0.978178 | 3.80278
0.19 | 0.13 | 21 | 42 | 1 | 45.8027
0.19 | 0.14 | 21 | 43 | 0.999988 | 11.3028
0.19 | 0.15 | 21 | 44 | 0.999666 | 8.00278
0.19 | 0.16 | 21 | 45 | 0.999391 | 7.40278
0.19 | 0.17 | 21 | 46 | 1 | 26.9028
0.19 | 0.18 | 21 | 47 | 0.999996 | 12.5028
0.19 | 0.19 | 21 | 48 | 1 | 39.8027
0.19 | 0.2 | 21 | 49 | 0.995047 | 5.30278
0.19 | 0.21 | 21 | 50 | 0.999752 | 8.30278
0.19 | 0.22 | 21 | 51 | 0.93104 | 2.60278
0.19 | 0.23 | 21 | 52 | 0.987905 | 4.40278
0.2 | -0.23 | 22 | 6 | 1 | 28.7027
0.2 | -0.21 | 22 | 8 | 0.978178 | 3.80278
0.2 | -0.2 | 22 | 9 | 0.93104 | 2.60278
0.2 | -0.19 | 22 | 10 | 0.999999 | 13.4028
0.2 | -0.18 | 22 | 11 | 0.999995 | 12.2028
0.2 | -0.17 | 22 | 12 | 1 | 37.7027
0.2 | -0.16 | 22 | 13 | 0.999899 | 9.20278
0.2 | -0.15 | 22 | 14 | 0.997276 | 5.90278
0.2 | -0.14 | 22 | 15 | 0.999899 | 9.20278
0.2 | -0.13 | 22 | 16 | 0.998891 | 6.80278
0.2 | -0.12 | 22 | 17 | 0.960939 | 3.20278
0.2 | -0.1 | 22 | 19 | 0.802624 | 1.40278
0.2 | 0.03 | 22 | 32 | 0.881088 | 2.00278
0.2 | 0.05 | 22 | 34 | 0.802624 | 1.40278
0.2 | 0.08 | 22 | 37 | 0.970767 | 3.50278
0.2 | 0.09 | 22 | 38 | 0.947983 | 2.90278
0.2 | 0.11 | 22 | 40 | 0.845897 | 1.70278
0.2 | 0.13 | 22 | 42 | 1 | 42.5027
0.2 | 0.14 | 22 | 43 | 0.995047 | 5.30278
0.2 | 0.15 | 22 | 44 | 0.997276 | 5.90278
0.2 | 0.16 | 22 | 45 | 0.998891 | 6.80278
0.2 | 0.17 | 22 | 46 | 1 | 19.7028
0.2 | 0.18 | 22 | 47 | 0.999752 | 8.30278
0.2 | 0.19 | 22 | 48 | 1 | 36.8027
0.2 | 0.2 | 22 | 49 | 0.997276 | 5.90278
0.2 | 0.21 | 22 | 50 | 0.999752 | 8.30278
0.2 | 0.22 | 22 | 51 | 0.978178 | 3.80278
0.2 | 0.23 | 22 | 52 | 0.970767 | 3.50278
0.21 | -0.24 | 23 | 5 | 0.998891 | 6.80278
0.21 | -0.23 | 23 | 6 | 1 | 23.0028
0.21 | -0.21 | 23 | 8 | 0.970767 | 3.50278
0.21 | -0.2 | 23 | 9 | 0.909107 | 2.30278
0.21 | -0.19 | 23 | 10 | 1 | 15.8028
0.21 | -0.18 | 23 | 11 | 0.998503 | 6.50278
0.21 | -0.17 | 23 | 12 | 1 | 35.6027
0.21 | -0.16 | 23 | 13 | 0.995047 | 5.30278
0.21 | -0.15 | 23 | 14 | 0.978178 | 3.80278
0.21 | -0.14 | 23 | 15 | 0.997276 | 5.90278
0.21 | -0.13 | 23 | 16 | 0.995047 | 5.30278
0.21 | 0 | 23 | 29 | 0.845897 | 1.70278
0.21 | 0.08 | 23 | 37 | 0.947983 | 2.90278
0.21 | 0.09 | 23 | 38 | 0.93104 | 2.60278
0.21 | 0.1 | 23 | 39 | 0.909107 | 2.30278
0.21 | 0.11 | 23 | 40 | 0.983742 | 4.10278
0.21 | 0.12 | 23 | 41 | 0.947983 | 2.90278
0.21 | 0.13 | 23 | 42 | 1 | 42.5027
0.21 | 0.14 | 23 | 43 | 0.999391 | 7.40278
0.21 | 0.15 | 23 | 44 | 0.996326 | 5.60278
0.21 | 0.16 | 23 | 45 | 0.998503 | 6.50278
0.21 | 0.17 | 23 | 46 | 1 | 23.9028
0.21 | 0.18 | 23 | 47 | 0.999988 | 11.3028
0.21 | 0.19 | 23 | 48 | 1 | 50.0027
0.21 | 0.2 | 23 | 49 | 0.997276 | 5.90278
0.21 | 0.21 | 23 | 50 | 0.995047 | 5.30278
0.21 | 0.22 | 23 | 51 | 0.881088 | 2.00278
0.21 | 0.23 | 23 | 52 | 0.997276 | 5.90278
0.22 | -0.24 | 24 | 5 | 0.999991 | 11.6028
0.22 | -0.23 | 24 | 6 | 1 | 18.2028
0.22 | -0.21 | 24 | 8 | 0.960939 | 3.20278
0.22 | -0.2 | 24 | 9 | 0.993326 | 5.00278
0.22 | -0.19 | 24 | 10 | 1 | 20.0028
0.22 | -0.18 | 24 | 11 | 0.999991 | 11.6028
0.22 | -0.17 | 24 | 12 | 1 | 30.8027
0.22 | -0.16 | 24 | 13 | 0.983742 | 4.10278
0.22 | -0.15 | 24 | 14 | 0.996326 | 5.60278
0.22 | -0.14 | 24 | 15 | 0.970767 | 3.50278
0.22 | -0.13 | 24 | 16 | 0.991011 | 4.70278
0.22 | -0.02 | 24 | 27 | 0.802624 | 1.40278
0.22 | 0.01 | 24 | 30 | 0.909107 | 2.30278
0.22 | 0.02 | 24 | 31 | 0.802624 | 1.40278
0.22 | 0.04 | 24 | 33 | 0.845897 | 1.70278
0.22 | 0.08 | 24 | 37 | 0.993326 | 5.00278
0.22 | 0.12 | 24 | 41 | 0.93104 | 2.60278
0.22 | 0.13 | 24 | 42 | 1 | 33.5027
0.22 | 0.14 | 24 | 43 | 0.987905 | 4.40278
0.22 | 0.15 | 24 | 44 | 0.960939 | 3.20278
0.22 | 0.16 | 24 | 45 | 0.999752 | 8.30278
0.22 | 0.17 | 24 | 46 | 1 | 15.8028
0.22 | 0.18 | 24 | 47 | 0.999988 | 11.3028
0.22 | 0.19 | 24 | 48 | 1 | 35.3027
0.22 | 0.2 | 24 | 49 | 0.998891 | 6.80278
0.22 | 0.21 | 24 | 50 | 0.995047 | 5.30278
0.22 | 0.23 | 24 | 52 | 0.978178 | 3.80278
0.23 | -0.24 | 25 | 5 | 1 | 23.9028
0.23 | -0.23 | 25 | 6 | 1 | 16.4028
0.23 | -0.22 | 25 | 7 | 0.909107 | 2.30278
0.23 | -0.21 | 25 | 8 | 0.947983 | 2.90278
0.23 | -0.2 | 25 | 9 | 0.99798 | 6.20278
0.23 | -0.19 | 25 | 10 | 0.999999 | 13.7028
0.23 | -0.18 | 25 | 11 | 0.999999 | 14.3028
0.23 | -0.17 | 25 | 12 | 1 | 39.2027
0.23 | -0.16 | 25 | 13 | 0.983742 | 4.10278
0.23 | -0.15 | 25 | 14 | 0.999899 | 9.20278
0.23 | -0.14 | 25 | 15 | 0.991011 | 4.70278
0.23 | -0.13 | 25 | 16 | 0.999391 | 7.40278
0.23 | -0.11 | 25 | 18 | 0.881088 | 2.00278
0.23 | -0.09 | 25 | 20 | 0.802624 | 1.40278
0.23 | -0.08 | 25 | 21 | 0.947983 | 2.90278
0.23 | -0.07 | 25 | 22 | 0.987905 | 4.40278
0.23 | -0.06 | 25 | 23 | 0.93104 | 2.60278
0.23 | -0.05 | 25 | 24 | 0.983742 | 4.10278
0.23 | -0.04 | 25 | 25 | 0.99798 | 6.20278
0.23 | -0.03 | 25 | 26 | 0.996326 | 5.60278
0.23 | -0.02 | 25 | 27 | 0.995047 | 5.30278
0.23 | -0.01 | 25 | 28 | 0.998891 | 6.80278
0.23 | 0 | 25 | 29 | 0.998503 | 6.50278
0.23 | 0.01 | 25 | 30 | 0.909107 | 2.30278
0.23 | 0.02 | 25 | 31 | 0.970767 | 3.50278
0.23 | 0.06 | 25 | 35 | 0.947983 | 2.90278
0.23 | 0.07 | 25 | 36 | 0.970767 | 3.50278
0.23 | 0.08 | 25 | 37 | 0.978178 | 3.80278
0.23 | 0.09 | 25 | 38 | 0.978178 | 3.80278
0.23 | 0.1 | 25 | 39 | 0.960939 | 3.20278
0.23 | 0.11 | 25 | 40 | 0.987905 | 4.40278
0.23 | 0.12 | 25 | 41 | 0.993326 | 5.00278
0.23 | 0.13 | 25 | 42 | 1 | 38.0027
0.23 | 0.14 | 25 | 43 | 0.991011 | 4.70278
0.23 | 0.15 | 25 | 44 | 0.99798 | 6.20278
0.23 | 0.16 | 25 | 45 | 0.983742 | 4.10278
0.23 | 0.17 | 25 | 46 | 0.999995 | 12.2028
0.23 | 0.18 | 25 | 47 | 0.999995 | 12.2028
0.23 | 0.19 | 25 | 48 | 1 | 36.2027
0.23 | 0.2 | 25 | 49 | 0.802624 | 1.40278
0.23 | 0.21 | 25 | 50 | 0.995047 | 5.30278
0.23 | 0.23 | 25 | 52 | 0.909107 | 2.30278
0.24 | -0.24 | 26 | 5 | 1 | 14.6028
0.24 | -0.23 | 26 | 6 | 1 | 41.9027
0.24 | -0.22 | 26 | 7 | 1 | 33.5027
0.24 | -0.21 | 26 | 8 | 1 | 20.3028
0.24 | -0.2 | 26 | 9 | 1 | 14.6028
0.24 | -0.19 | 26 | 10 | 1 | 24.8028
0.24 | -0.18 | 26 | 11 | 1 | 22.4028
0.24 | -0.17 | 26 | 12 | 1 | 39.8027
0.24 | -0.16 | 26 | 13 | 1 | 14.9028
0.24 | -0.15 | 26 | 14 | 1 | 17.0028
0.24 | -0.14 | 26 | 15 | 1 | 14.9028
0.24 | -0.13 | 26 | 16 | 1 | 20.6028
0.24 | -0.12 | 26 | 17 | 0.999999 | 14.3028
0.24 | -0.11 | 26 | 18 | 1 | 15.5028
0.24 | -0.1 | 26 | 19 | 1 | 14.6028
0.24 | -0.09 | 26 | 20 | 0.999997 | 12.8028
0.24 | -0.08 | 26 | 21 | 0.999998 | 13.1028
0.24 | -0.07 | 26 | 22 | 0.999999 | 14.0028
0.24 | -0.06 | 26 | 23 | 0.999997 | 12.8028
0.24 | -0.05 | 26 | 24 | 0.999988 | 11.3028
0.24 | -0.04 | 26 | 25 | 0.999993 | 11.9028
0.24 | -0.03 | 26 | 26 | 0.999995 | 12.2028
0.24 | -0.02 | 26 | 27 | 1 | 15.2028
0.24 | -0.01 | 26 | 28 | 0.999999 | 14.3028
0.24 | 0 | 26 | 29 | 1 | 14.6028
0.24 | 0.01 | 26 | 30 | 1 | 16.1028
0.24 | 0.02 | 26 | 31 | 0.999995 | 12.2028
0.24 | 0.03 | 26 | 32 | 1 | 16.7028
0.24 | 0.04 | 26 | 33 | 1 | 15.5028
0.24 | 0.05 | 26 | 34 | 0.999999 | 14.3028
0.24 | 0.06 | 26 | 35 | 0.999999 | 14.0028
0.24 | 0.07 | 26 | 36 | 0.999988 | 11.3028
0.24 | 0.08 | 26 | 37 | 1 | 14.6028
0.24 | 0.09 | 26 | 38 | 0.999999 | 14.3028
0.24 | 0.1 | 26 | 39 | 0.999925 | 9.50278
0.24 | 0.11 | 26 | 40 | 0.99997 | 10.4028
0.24 | 0.12 | 26 | 41 | 1 | 15.5028
0.24 | 0.13 | 26 | 42 | 1 | 40.4027
0.24 | 0.14 | 26 | 43 | 0.999925 | 9.50278
0.24 | 0.15 | 26 | 44 | 0.99997 | 10.4028
0.24 | 0.16 | 26 | 45 | 0.999666 | 8.00278
0.24 | 0.17 | 26 | 46 | 1 | 21.5028
0.24 | 0.18 | 26 | 47 | 1 | 17.6028
0.24 | 0.19 | 26 | 48 | 1 | 32.3027
0.24 | 0.2 | 26 | 49 | 0.996326 | 5.60278
0.24 | 0.21 | 26 | 50 | 0.999945 | 9.80278
0.24 | 0.23 | 26 | 52 | 0.987905 | 4.40278
0.25 | -0.23 | 27 | 6 | 0.999666 | 8.00278
0.25 | -0.22 | 27 | 7 | 1 | 15.5028
0.25 | -0.21 | 27 | 8 | 1 | 34.1027
0.25 | -0.2 | 27 | 9 | 1 | 48.2027
0.25 | -0.19 | 27 | 10 | 1 | 57.2027
0.25 | -0.18 | 27 | 11 | 1 | 60.5027
0.25 | -0.17 | 27 | 12 | 1 | 63.8027
0.25 | -0.16 | 27 | 13 | 1 | 31.1027
0.25 | -0.15 | 27 | 14 | 1 | 26.6028
0.25 | -0.14 | 27 | 15 | 1 | 19.1028
0.25 | -0.13 | 27 | 16 | 1 | 15.2028
0.25 | -0.12 | 27 | 17 | 0.999988 | 11.3028
0.25 | -0.11 | 27 | 18 | 0.999549 | 7.70278
0.25 | -0.1 | 27 | 19 | 0.995047 | 5.30278
0.25 | -0.09 | 27 | 20 | 0.999178 | 7.10278
0.25 | -0.08 | 27 | 21 | 0.995047 | 5.30278
0.25 | -0.07 | 27 | 22 | 0.999549 | 7.70278
0.25 | -0.06 | 27 | 23 | 0.999391 | 7.40278
0.25 | -0.05 | 27 | 24 | 0.999978 | 10.7028
0.25 | -0.04 | 27 | 25 | 0.999391 | 7.40278
0.25 | -0.03 | 27 | 26 | 0.99798 | 6.20278
0.25 | -0.02 | 27 | 27 | 0.999752 | 8.30278
0.25 | -0.01 | 27 | 28 | 0.960939 | 3.20278
0.25 | 0 | 27 | 29 | 0.99798 | 6.20278
0.25 | 0.01 | 27 | 30 | 0.996326 | 5.60278
0.25 | 0.02 | 27 | 31 | 0.999925 | 9.50278
0.25 | 0.03 | 27 | 32 | 0.999864 | 8.90278
0.25 | 0.04 | 27 | 33 | 0.998891 | 6.80278
0.25 | 0.05 | 27 | 34 | 0.999959 | 10.1028
0.25 | 0.06 | 27 | 35 | 0.998891 | 6.80278
0.25 | 0.07 | 27 | 36 | 0.995047 | 5.30278
0.25 | 0.08 | 27 | 37 | 0.999945 | 9.80278
0.25 | 0.09 | 27 | 38 | 0.996326 | 5.60278
0.25 | 0.1 | 27 | 39 | 0.999864 | 8.90278
0.25 | 0.11 | 27 | 40 | 0.999988 | 11.3028
0.25 | 0.12 | 27 | 41 | 1 | 14.9028
0.25 | 0.13 | 27 | 42 | 1 | 29.3027
0.25 | 0.14 | 27 | 43 | 0.999666 | 8.00278
0.25 | 0.15 | 27 | 44 | 0.999178 | 7.10278
0.25 | 0.16 | 27 | 45 | 0.998891 | 6.80278
0.25 | 0.17 | 27 | 46 | 0.999996 | 12.5028
0.25 | 0.18 | 27 | 47 | 0.999995 | 12.2028
0.25 | 0.19 | 27 | 48 | 1 | 35.6027
0.25 | 0.2 | 27 | 49 | 0.993326 | 5.00278
0.25 | 0.21 | 27 | 50 | 0.999178 | 7.10278
0.25 | 0.22 | 27 | 51 | 0.802624 | 1.40278
0.25 | 0.23 | 27 | 52 | 0.991011 | 4.70278
0.26 | -0.22 | 28 | 7 | 0.909107 | 2.30278
0.26 | -0.2 | 28 | 9 | 0.93104 | 2.60278
0.26 | -0.19 | 28 | 10 | 1 | 16.1028
0.26 | -0.18 | 28 | 11 | 1 | 22.1028
0.26 | -0.17 | 28 | 12 | 1 | 42.5027
0.26 | -0.16 | 28 | 13 | 1 | 38.0027
0.26 | -0.15 | 28 | 14 | 1 | 50.0027
0.26 | -0.14 | 28 | 15 | 1 | 59.0027
0.26 | -0.13 | 28 | 16 | 1 | 59.3027
0.26 | -0.12 | 28 | 17 | 1 | 62.3027
0.26 | -0.11 | 28 | 18 | 1 | 63.5027
0.26 | -0.1 | 28 | 19 | 1 | 59.0027
0.26 | -0.09 | 28 | 20 | 1 | 43.1027
0.26 | -0.08 | 28 | 21 | 1 | 47.6027
0.26 | -0.07 | 28 | 22 | 1 | 32.3027
0.26 | -0.06 | 28 | 23 | 1 | 22.7028
0.26 | -0.05 | 28 | 24 | 1 | 18.8028
0.26 | -0.04 | 28 | 25 | 0.999999 | 13.4028
0.26 | -0.03 | 28 | 26 | 0.999999 | 14.3028
0.26 | -0.02 | 28 | 27 | 0.999997 | 12.8028
0.26 | -0.01 | 28 | 28 | 0.999999 | 14.3028
0.26 | 0 | 28 | 29 | 0.999752 | 8.30278
0.26 | 0.01 | 28 | 30 | 0.999991 | 11.6028
0.26 | 0.02 | 28 | 31 | 0.999995 | 12.2028
0.26 | 0.03 | 28 | 32 | 0.999925 | 9.50278
0.26 | 0.04 | 28 | 33 | 0.997276 | 5.90278
0.26 | 0.05 | 28 | 34 | 0.997276 | 5.90278
0.26 | 0.06 | 28 | 35 | 0.995047 | 5.30278
0.26 | 0.07 | 28 | 36 | 0.999925 | 9.50278
0.26 | 0.08 | 28 | 37 | 0.999549 | 7.70278
0.26 | 0.09 | 28 | 38 | 0.999959 | 10.1028
0.26 | 0.1 | 28 | 39 | 0.999864 | 8.90278
0.26 | 0.11 | 28 | 40 | 0.999666 | 8.00278
0.26 | 0.12 | 28 | 41 | 1 | 19.4028
0.26 | 0.13 | 28 | 42 | 1 | 18.2028
0.26 | 0.14 | 28 | 43 | 0.999816 | 8.60278
0.26 | 0.15 | 28 | 44 | 0.999549 | 7.70278
0.26 | 0.16 | 28 | 45 | 0.999391 | 7.40278
0.26 | 0.17 | 28 | 46 | 1 | 16.4028
0.26 | 0.18 | 28 | 47 | 1 | 15.2028
0.26 | 0.19 | 28 | 48 | 1 | 33.5027
0.26 | 0.2 | 28 | 49 | 0.947983 | 2.90278
0.26 | 0.21 | 28 | 50 | 0.998891 | 6.80278
0.26 | 0.23 | 28 | 52 | 0.978178 | 3.80278
0.27 | -0.21 | 29 | 8 | 0.881088 | 2.00278
0.27 | -0.19 | 29 | 10 | 0.999666 | 8.00278
0.27 | -0.18 | 29 | 11 | 1 | 24.5028
0.27 | -0.17 | 29 | 12 | 1 | 14.6028
0.27 | -0.16 | 29 | 13 | 0.999752 | 8.30278
0.27 | -0.15 | 29 | 14 | 0.999549 | 7.70278
0.27 | -0.14 | 29 | 15 | 0.99997 | 10.4028
0.27 | -0.13 | 29 | 16 | 1 | 19.7028
0.27 | -0.12 | 29 | 17 | 1 | 19.4028
0.27 | -0.11 | 29 | 18 | 1 | 20.0028
0.27 | -0.1 | 29 | 19 | 1 | 25.1028
0.27 | -0.09 | 29 | 20 | 1 | 34.7027
0.27 | -0.08 | 29 | 21 | 1 | 34.7027
0.27 | -0.07 | 29 | 22 | 1 | 47.3027
0.27 | -0.06 | 29 | 23 | 1 | 62.6027
0.27 | -0.05 | 29 | 24 | 1 | 66.5027
0.27 | -0.04 | 29 | 25 | 1 | 76.1028
0.27 | -0.03 | 29 | 26 | 1 | 75.5028
0.27 | -0.02 | 29 | 27 | 1 | 68.9027
0.27 | -0.01 | 29 | 28 | 1 | 66.5027
0.27 | 0 | 29 | 29 | 1 | 56.0027
0.27 | 0.01 | 29 | 30 | 1 | 33.5027
0.27 | 0.02 | 29 | 31 | 1 | 20.0028
0.27 | 0.03 | 29 | 32 | 1 | 20.6028
0.27 | 0.04 | 29 | 33 | 1 | 19.4028
0.27 | 0.05 | 29 | 34 | 1 | 21.8028
0.27 | 0.06 | 29 | 35 | 1 | 24.2028
0.27 | 0.07 | 29 | 36 | 1 | 20.0028
0.27 | 0.08 | 29 | 37 | 1 | 19.4028
0.27 | 0.09 | 29 | 38 | 0.999999 | 14.0028
0.27 | 0.1 | 29 | 39 | 1 | 16.1028
0.27 | 0.11 | 29 | 40 | 1 | 16.4028
0.27 | 0.12 | 29 | 41 | 1 | 52.1027
0.27 | 0.13 | 29 | 42 | 1 | 19.1028
0.27 | 0.14 | 29 | 43 | 0.999899 | 9.20278
0.27 | 0.15 | 29 | 44 | 0.999549 | 7.70278
0.27 | 0.16 | 29 | 45 | 0.999991 | 11.6028
0.27 | 0.17 | 29 | 46 | 0.999999 | 14.3028
0.27 | 0.18 | 29 | 47 | 1 | 23.3028
0.27 | 0.19 | 29 | 48 | 1 | 31.4027
0.27 | 0.2 | 29 | 49 | 0.999178 | 7.10278
0.27 | 0.21 | 29 | 50 | 0.999391 | 7.40278
0.27 | 0.22 | 29 | 51 | 0.947983 | 2.90278
0.28 | -0.21 | 30 | 8 | 0.845897 | 1.70278
0.28 | -0.2 | 30 | 9 | 0.802624 | 1.40278
0.28 | -0.19 | 30 | 10 | 0.999899 | 9.20278
0.28 | -0.18 | 30 | 11 | 1 | 28.1028
0.28 | -0.17 | 30 | 12 | 1 | 36.2027
0.28 | -0.16 | 30 | 13 | 1 | 14.9028
0.28 | -0.15 | 30 | 14 | 1 | 17.9028
0.28 | -0.14 | 30 | 15 | 1 | 17.3028
0.28 | -0.13 | 30 | 16 | 0.999999 | 13.4028
0.28 | -0.12 | 30 | 17 | 1 | 16.7028
0.28 | -0.11 | 30 | 18 | 1 | 20.0028
0.28 | -0.1 | 30 | 19 | 1 | 19.7028
0.28 | -0.09 | 30 | 20 | 1 | 26.9028
0.28 | -0.08 | 30 | 21 | 1 | 20.6028
0.28 | -0.07 | 30 | 22 | 1 | 25.4028
0.28 | -0.06 | 30 | 23 | 1 | 29.6027
0.28 | -0.05 | 30 | 24 | 1 | 25.7028
0.28 | -0.04 | 30 | 25 | 1 | 26.3028
0.28 | -0.03 | 30 | 26 | 1 | 24.8028
0.28 | -0.02 | 30 | 27 | 1 | 30.5027
0.28 | -0.01 | 30 | 28 | 1 | 35.9027
0.28 | 0 | 30 | 29 | 1 | 45.8027
0.28 | 0.01 | 30 | 30 | 1 | 62.6027
0.28 | 0.02 | 30 | 31 | 1 | 72.8028
0.28 | 0.03 | 30 | 32 | 1 | 69.5027
0.28 | 0.04 | 30 | 33 | 1 | 62.6027
0.28 | 0.05 | 30 | 34 | 1 | 46.7027
0.28 | 0.06 | 30 | 35 | 1 | 26.0028
0.28 | 0.07 | 30 | 36 | 1 | 28.1028
0.28 | 0.08 | 30 | 37 | 1 | 21.2028
0.28 | 0.09 | 30 | 38 | 1 | 21.5028
0.28 | 0.1 | 30 | 39 | 1 | 19.1028
0.28 | 0.11 | 30 | 40 | 1 | 17.3028
0.28 | 0.12 | 30 | 41 | 1 | 41.0027
0.28 | 0.13 | 30 | 42 | 1 | 20.9028
0.28 | 0.14 | 30 | 43 | 1 | 16.4028
0.28 | 0.15 | 30 | 44 | 1 | 17.9028
0.28 | 0.16 | 30 | 45 | 0.999945 | 9.80278
0.28 | 0.17 | 30 | 46 | 1 | 18.5028
0.28 | 0.18 | 30 | 47 | 1 | 35.6027
0.28 | 0.19 | 30 | 48 | 1 | 21.8028
0.28 | 0.2 | 30 | 49 | 0.999978 | 10.7028
0.28 | 0.21 | 30 | 50 | 0.983742 | 4.10278
0.29 | -0.2 | 31 | 9 | 0.947983 | 2.90278
0.29 | -0.19 | 31 | 10 | 0.999978 | 10.7028
0.29 | -0.18 | 31 | 11 | 0.999925 | 9.50278
0.29 | -0.17 | 31 | 12 | 1 | 26.0028
0.29 | -0.16 | 31 | 13 | 1 | 40.1027
0.29 | -0.15 | 31 | 14 | 1 | 35.0027
0.29 | -0.14 | 31 | 15 | 1 | 46.1027
0.29 | -0.13 | 31 | 16 | 1 | 53.6027
0.29 | -0.12 | 31 | 17 | 1 | 42.5027
0.29 | -0.11 | 31 | 18 | 1 | 42.8027
0.29 | -0.1 | 31 | 19 | 1 | 47.0027
0.29 | -0.09 | 31 | 20 | 1 | 49.4027
0.29 | -0.08 | 31 | 21 | 1 | 43.7027
0.29 | -0.07 | 31 | 22 | 1 | 50.9027
0.29 | -0.06 | 31 | 23 | 1 | 52.7027
0.29 | -0.05 | 31 | 24 | 1 | 52.7027
0.29 | -0.04 | 31 | 25 | 1 | 51.2027
0.29 | -0.03 | 31 | 26 | 1 | 54.8027
0.29 | -0.02 | 31 | 27 | 1 | 53.0027
0.29 | -0.01 | 31 | 28 | 1 | 50.9027
0.29 | 0 | 31 | 29 | 1 | 64.1027
0.29 | 0.01 | 31 | 30 | 1 | 56.0027
0.29 | 0.02 | 31 | 31 | 1 | 62.0027
0.29 | 0.03 | 31 | 32 | 1 | 46.1027
0.29 | 0.04 | 31 | 33 | 1 | 56.6027
0.29 | 0.05 | 31 | 34 | 1 | 64.4027
0.29 | 0.06 | 31 | 35 | 1 | 88.1029
0.29 | 0.07 | 31 | 36 | 1 | 78.2028
0.29 | 0.08 | 31 | 37 | 1 | 62.6027
0.29 | 0.09 | 31 | 38 | 1 | 67.7027
0.29 | 0.1 | 31 | 39 | 1 | 63.5027
0.29 | 0.11 | 31 | 40 | 1 | 55.7027
0.29 | 0.12 | 31 | 41 | 1 | 43.1027
0.29 | 0.13 | 31 | 42 | 0.99997 | 10.4028
0.29 | 0.14 | 31 | 43 | 0.999391 | 7.40278
0.29 | 0.15 | 31 | 44 | 0.99798 | 6.20278
0.29 | 0.16 | 31 | 45 | 0.999816 | 8.60278
0.29 | 0.17 | 31 | 46 | 1 | 26.0028
0.29 | 0.18 | 31 | 47 | 1 | 41.0027
0.29 | 0.19 | 31 | 48 | 0.999988 | 11.3028
0.3 | -0.19 | 32 | 10 | 0.999978 | 10.7028
0.3 | -0.18 | 32 | 11 | 0.999666 | 8.00278
0.3 | -0.17 | 32 | 12 | 0.845897 | 1.70278
0.3 | -0.16 | 32 | 13 | 0.960939 | 3.20278
0.3 | -0.15 | 32 | 14 | 0.993326 | 5.00278
0.3 | -0.14 | 32 | 15 | 0.802624 | 1.40278
0.3 | -0.13 | 32 | 16 | 0.999666 | 8.00278
0.3 | -0.12 | 32 | 17 | 1 | 14.9028
0.3 | -0.11 | 32 | 18 | 0.999997 | 12.8028
0.3 | -0.1 | 32 | 19 | 1 | 14.9028
0.3 | -0.09 | 32 | 20 | 0.999999 | 14.3028
0.3 | -0.08 | 32 | 21 | 1 | 18.5028
0.3 | -0.07 | 32 | 22 | 0.999999 | 13.4028
0.3 | -0.06 | 32 | 23 | 0.999752 | 8.30278
0.3 | -0.05 | 32 | 24 | 0.999983 | 11.0028
0.3 | -0.04 | 32 | 25 | 0.999991 | 11.6028
0.3 | -0.03 | 32 | 26 | 0.999983 | 11.0028
0.3 | -0.02 | 32 | 27 | 1 | 16.1028
0.3 | -0.01 | 32 | 28 | 0.999995 | 12.2028
0.3 | 0 | 32 | 29 | 0.999391 | 7.40278
0.3 | 0.01 | 32 | 30 | 0.999752 | 8.30278
0.3 | 0.02 | 32 | 31 | 1 | 14.6028
0.3 | 0.03 | 32 | 32 | 1 | 28.7027
0.3 | 0.04 | 32 | 33 | 1 | 28.7027
0.3 | 0.05 | 32 | 34 | 1 | 27.8028
0.3 | 0.06 | 32 | 35 | 1 | 29.9027
0.3 | 0.07 | 32 | 36 | 1 | 30.2027
0.3 | 0.08 | 32 | 37 | 1 | 50.0027
0.3 | 0.09 | 32 | 38 | 1 | 56.9027
0.3 | 0.1 | 32 | 39 | 1 | 47.0027
0.3 | 0.11 | 32 | 40 | 1 | 53.0027
0.3 | 0.12 | 32 | 41 | 1 | 48.5027
0.3 | 0.13 | 32 | 42 | 1 | 50.6027
0.3 | 0.14 | 32 | 43 | 1 | 39.5027
0.3 | 0.15 | 32 | 44 | 1 | 49.4027
0.3 | 0.16 | 32 | 45 | 1 | 51.2027
0.3 | 0.17 | 32 | 46 | 1 | 47.9027
0.3 | 0.18 | 32 | 47 | 1 | 34.1027
0.3 | 0.19 | 32 | 48 | 0.93104 | 2.60278
0.31 | -0.19 | 33 | 10 | 0.999864 | 8.90278
0.31 | -0.18 | 33 | 11 | 0.999391 | 7.40278
0.31 | -0.17 | 33 | 12 | 0.998503 | 6.50278
0.31 | -0.16 | 33 | 13 | 0.993326 | 5.00278
0.31 | -0.15 | 33 | 14 | 0.993326 | 5.00278
0.31 | -0.14 | 33 | 15 | 0.947983 | 2.90278
0.31 | -0.13 | 33 | 16 | 0.909107 | 2.30278
0.31 | -0.12 | 33 | 17 | 0.93104 | 2.60278
0.31 | -0.11 | 33 | 18 | 0.996326 | 5.60278
0.31 | -0.1 | 33 | 19 | 0.978178 | 3.80278
0.31 | -0.09 | 33 | 20 | 0.978178 | 3.80278
0.31 | -0.08 | 33 | 21 | 0.995047 | 5.30278
0.31 | -0.07 | 33 | 22 | 0.987905 | 4.40278
0.31 | -0.06 | 33 | 23 | 0.983742 | 4.10278
0.31 | -0.04 | 33 | 25 | 0.970767 | 3.50278
0.31 | -0.03 | 33 | 26 | 0.987905 | 4.40278
0.31 | -0.02 | 33 | 27 | 0.960939 | 3.20278
0.31 | -0.00999998 | 33 | 28 | 0.970767 | 3.50278
0.31 | 1.49012e-08 | 33 | 29 | 0.987905 | 4.40278
0.31 | 0.01 | 33 | 30 | 0.947983 | 2.90278
0.31 | 0.02 | 33 | 31 | 0.802624 | 1.40278
0.31 | 0.03 | 33 | 32 | 0.909107 | 2.30278
0.31 | 0.04 | 33 | 33 | 0.970767 | 3.50278
0.31 | 0.05 | 33 | 34 | 0.845897 | 1.70278
0.31 | 0.13 | 33 | 42 | 0.960939 | 3.20278
0.31 | 0.14 | 33 | 43 | 0.996326 | 5.60278
0.31 | 0.15 | 33 | 44 | 0.995047 | 5.30278
0.31 | 0.16 | 33 | 45 | 0.960939 | 3.20278
0.31 | 0.17 | 33 | 46 | 0.998891 | 6.80278
0.31 | 0.18 | 33 | 47 | 0.960939 | 3.20278
0.32 | -0.19 | 34 | 10 | 0.947983 | 2.90278
0.32 | -0.18 | 34 | 11 | 0.970767 | 3.50278
0.32 | -0.14 | 34 | 15 | 0.947983 | 2.90278
0.32 | -0.13 | 34 | 16 | 0.983742 | 4.10278
0.32 | -0.12 | 34 | 17 | 0.93104 | 2.60278
0.32 | -0.11 | 34 | 18 | 0.802624 | 1.40278
0.32 | -0.1 | 34 | 19 | 0.909107 | 2.30278
0.32 | -0.09 | 34 | 20 | 0.909107 | 2.30278
0.32 | -0.08 | 34 | 21 | 0.947983 | 2.90278
0.32 | -0.07 | 34 | 22 | 0.947983 | 2.90278
0.32 | -0.06 | 34 | 23 | 0.983742 | 4.10278
0.32 | -0.05 | 34 | 24 | 0.998503 | 6.50278
0.32 | -0.04 | 34 | 25 | 0.995047 | 5.30278
0.32 | -0.03 | 34 | 26 | 0.995047 | 5.30278
0.32 | -0.02 | 34 | 27 | 0.987905 | 4.40278
0.32 | -0.00999998 | 34 | 28 | 0.996326 | 5.60278
0.32 | 1.49012e-08 | 34 | 29 | 0.960939 | 3.20278
0.32 | 0.01 | 34 | 30 | 0.960939 | 3.20278
0.32 | 0.02 | 34 | 31 | 0.991011 | 4.70278
0.32 | 0.03 | 34 | 32 | 0.970767 | 3.50278
0.32 | 0.04 | 34 | 33 | 0.995047 | 5.30278
0.32 | 0.05 | 34 | 34 | 0.987905 | 4.40278
0.32 | 0.06 | 34 | 35 | 0.991011 | 4.70278
0.32 | 0.07 | 34 | 36 | 0.93104 | 2.60278
0.32 | 0.08 | 34 | 37 | 0.960939 | 3.20278
0.32 | 0.09 | 34 | 38 | 0.909107 | 2.30278
0.32 | 0.1 | 34 | 39 | 0.960939 | 3.20278
0.32 | 0.11 | 34 | 40 | 0.845897 | 1.70278
0.32 | 0.14 | 34 | 43 | 0.802624 | 1.40278
0.32 | 0.15 | 34 | 44 | 0.802624 | 1.40278
0.32 | 0.16 | 34 | 45 | 0.802624 | 1.40278
0.32 | 0.17 | 34 | 46 | 0.960939 | 3.20278
0.33 | -0.19 | 35 | 10 | 0.970767 | 3.50278
0.33 | -0.18 | 35 | 11 | 0.845897 | 1.70278
0.33 | 1.49012e-08 | 35 | 29 | 0.93104 | 2.60278
0.33 | 0.01 | 35 | 30 | 0.991011 | 4.70278
0.33 | 0.02 | 35 | 31 | 0.970767 | 3.50278
0.33 | 0.03 | 35 | 32 | 0.970767 | 3.50278
0.33 | 0.04 | 35 | 33 | 0.845897 | 1.70278
0.33 | 0.05 | 35 | 34 | 0.93104 | 2.60278
0.33 | 0.06 | 35 | 35 | 0.93104 | 2.60278
0.33 | 0.07 | 35 | 36 | 0.881088 | 2.00278
0.33 | 0.08 | 35 | 37 | 0.960939 | 3.20278
0.33 | 0.09 | 35 | 38 | 0.909107 | 2.30278
0.33 | 0.1 | 35 | 39 | 0.909107 | 2.30278
0.33 | 0.12 | 35 | 41 | 0.93104 | 2.60278
0.33 | 0.14 | 35 | 43 | 0.845897 | 1.70278
0.33 | 0.17 | 35 | 46 | 0.881088 | 2.00278
0.34 | -0.19 | 36 | 10 | 0.909107 | 2.30278
0.34 | -0.18 | 36 | 11 | 0.93104 | 2.60278
0.34 | 0.06 | 36 | 35 | 0.845897 | 1.70278
0.34 | 0.07 | 36 | 36 | 0.947983 | 2.90278
0.34 | 0.08 | 36 | 37 | 0.947983 | 2.90278
0.34 | 0.09 | 36 | 38 | 0.845897 | 1.70278
0.34 | 0.1 | 36 | 39 | 0.802624 | 1.40278
0.34 | 0.11 | 36 | 40 | 0.845897 | 1.70278
0.34 | 0.17 | 36 | 46 | 0.93104 | 2.60278
0.35 | -0.19 | 37 | 10 | 0.909107 | 2.30278
0.35 | -0.18 | 37 | 11 | 0.881088 | 2.00278
0.35 | -0.06 | 37 | 23 | 0.802624 | 1.40278
0.35 | -0.02 | 37 | 27 | 0.845897 | 1.70278
0.35 | 1.49012e-08 | 37 | 29 | 0.881088 | 2.00278
0.35 | 0.01 | 37 | 30 | 0.845897 | 1.70278
0.35 | 0.02 | 37 | 31 | 0.881088 | 2.00278
0.35 | 0.17 | 37 | 46 | 0.970767 | 3.50278
0.36 | -0.18 | 38 | 11 | 0.802624 | 1.40278
0.36 | -0.04 | 38 | 25 | 0.802624 | 1.40278
0.36 | -0.03 | 38 | 26 | 0.845897 | 1.70278
0.36 | 0.05 | 38 | 34 | 0.845897 | 1.70278
0.36 | 0.17 | 38 | 46 | 0.881088 | 2.00278
0.37 | -0.12 | 39 | 17 | 0.881088 | 2.00278
0.37 | -0.02 | 39 | 27 | 0.909107 | 2.30278
0.37 | -0.00999998 | 39 | 28 | 0.881088 | 2.00278
0.37 | 1.49012e-08 | 39 | 29 | 0.802624 | 1.40278
0.37 | 0.01 | 39 | 30 | 0.845897 | 1.70278
0.37 | 0.02 | 39 | 31 | 0.845897 | 1.70278
0.37 | 0.03 | 39 | 32 | 0.802624 | 1.40278
0.38 | -0.14 | 40 | 15 | 0.802624 | 1.40278
0.38 | -0.04 | 40 | 25 | 0.845897 | 1.70278
0.38 | 0.07 | 40 | 36 | 0.845897 | 1.70278
0.39 | -0.18 | 41 | 11 | 0.802624 | 1.40278
0.39 | -0.17 | 41 | 12 | 0.947983 | 2.90278
0.39 | -0.16 | 41 | 13 | 0.881088 | 2.00278
0.39 | -0.15 | 41 | 14 | 0.881088 | 2.00278
0.39 | -0.14 | 41 | 15 | 0.802624 | 1.40278
0.39 | -0.13 | 41 | 16 | 0.881088 | 2.00278
0.39 | -0.12 | 41 | 17 | 0.93104 | 2.60278
0.39 | -0.11 | 41 | 18 | 0.881088 | 2.00278
0.39 | -0.1 | 41 | 19 | 0.93104 | 2.60278
0.39 | -0.09 | 41 | 20 | 0.881088 | 2.00278
0.39 | -0.08 | 41 | 21 | 0.947983 | 2.90278
0.39 | -0.07 | 41 | 22 | 0.93104 | 2.60278
0.39 | -0.06 | 41 | 23 | 0.909107 | 2.30278
0.39 | -0.05 | 41 | 24 | 0.881088 | 2.00278
0.39 | 1.49012e-08 | 41 | 29 | 0.845897 | 1.70278
0.39 | 0.01 | 41 | 30 | 0.802624 | 1.40278
0.39 | 0.02 | 41 | 31 | 0.909107 | 2.30278
0.39 | 0.08 | 41 | 37 | 0.802624 | 1.40278
0.39 | 0.1 | 41 | 39 | 0.845897 | 1.70278
0.39 | 0.14 | 41 | 43 | 0.845897 | 1.70278
